--[[
(Infinite Multipliers)    
Made by MadBuk scripts!
Click the copy button above and paste into executor!
]]--

local v0=loadstring(game:HttpGet("https://raw.githubusercontent.com/shlexware/Orion/main/source"))();local v1=v0:MakeWindow({Name="Infinite Multipliers",HidePremium=false,SaveConfig=false,ConfigFolder="Configs",IntroEnabled=true,IntroText="Madbuk Scripts",IntroIcon="rbxassetid://13429016289",Icon="rbxassetid://13429016289"});root=game.Players.LocalPlayer.Character.HumanoidRootPart;ts=game:GetService("TweenService");offset=CFrame.new(0,3,0);cam=workspace.Camera;v0:MakeNotification({Name="Success!",Content="Successfully ran the script!",Image="rbxassetid://13429016289",Time=5});MultiDelay=0.5;RebirthAmount=3;MultiDone=0;MultiDone2=0;ReinAmount=3;ReinDone=0;MatAmount=3;local v4=v1:MakeTab({Name="Farming",Icon="rbxassetid://13428993751",PremiumOnly=false});local v5=v4:AddSection({Name="Farming"});v4:AddButton({Name="Reset Camera",Callback=function()cam.CameraSubject=game.Players.LocalPlayer.Character;cam.CameraType="Custom";end});v4:AddToggle({Name="Auto Cash",Default=false,Callback=function(v15)getgenv().AutoCa=false;getgenv().AutoCa=v15;while getgenv().AutoCa==true  do local v41=game:GetService("Workspace").ImportantParts.MultiButton.Button;local v42=game:GetService("Workspace").ImportantParts.MultiUpgCash.Button;local v43=game:GetService("Workspace").ImportantParts.MultiRollCD.Button;local v44=game:GetService("Workspace").ImportantParts.MultiRollPerS.Button;local v45=game:GetService("Workspace").ImportantParts.RebirthButton.Button;local v46=game:GetService("Workspace").ImportantParts.CashUpgRP.Button;local v47=game:GetService("Workspace").ImportantParts.MultiUpgRP.Button;local v48=game:GetService("Workspace").ImportantParts.RPUpgRP.Button;local v49=game:GetService("Workspace").ImportantParts.ReinButton.Button;local v50=ts:Create(root,TweenInfo.new(0.3),{CFrame=v41.CFrame * offset });local v51=ts:Create(root,TweenInfo.new(0.8),{CFrame=v42.CFrame * offset });local v52=ts:Create(root,TweenInfo.new(1),{CFrame=v44.CFrame * offset });local v53=ts:Create(root,TweenInfo.new(0.5),{CFrame=v48.CFrame * offset });local v54=ts:Create(root,TweenInfo.new(0.5),{CFrame=v47.CFrame * offset });local v55=ts:Create(root,TweenInfo.new(0.5),{CFrame=v46.CFrame * offset });local v56=ts:Create(root,TweenInfo.new(0.9),{CFrame=v45.CFrame});local v57=ts:Create(root,TweenInfo.new(0.5),{CFrame=v45.CFrame * CFrame.new(0,10,0) });local v58=ts:Create(root,TweenInfo.new(0.9),{CFrame=v49.CFrame});local v59=ts:Create(root,TweenInfo.new(0.5),{CFrame=v49.CFrame * CFrame.new(0,10,0) });while (getgenv().AutoRei==true) and (MultiDone2>=ReinAmount)  do v59:Play();wait(2);v58:Play();wait(1.5);MultiDone2=0;end while (getgenv().AutoRe==true) and (MultiDone>=RebirthAmount)  do v57:Play();wait(2);v56:Play();wait(1.5);if (getgenv().AutoReU==true) then wait(1.5);v55:Play();wait(0.6);v54:Play();wait(0.6);v53:Play();wait(0.6);end MultiDone=0;end v50:Play();wait(MultiDelay);MultiDone=MultiDone + 1 ;MultiDone2=MultiDone2 + 1 ;if (getgenv().AutoCaU==true) then v51:Play();task.wait(0.9);v52:Play();task.wait(1.2);v50:Play();end end end});v4:AddToggle({Name="Auto Rebirth",Default=false,Callback=function(v17)getgenv().AutoRe=false;getgenv().AutoRe=v17;while getgenv().AutoRe==true  do print("working auto reb");wait(69420);end end});v4:AddToggle({Name="Auto Rein",Default=false,Callback=function(v19)getgenv().AutoRei=false;getgenv().AutoRei=v19;while getgenv().AutoRei==true  do print("working auto rein");wait(69420);end end});v4:AddToggle({Name="Auto Materialize",Default=false,Callback=function(v21)getgenv().AutoMai=false;getgenv().AutoMai=v21;while (getgenv().AutoMai==true) and (ReinDone>=MatAmount) and wait(2)  do local v60=workspace.ImportantParts.MaterializeDisplay;cam.CameraSubject=v60;cam.CameraType="Scriptable";cam.CFrame=CFrame.new(9976.82422,15.9224043, -93.4188156,0.0119850319, -0.083280988,0.99645412,0,0.996525764,0.0832869634, -0.999928236, -0.000998196891,0.0119433915);wait(2);if (getgenv().AutoMaU==true) then local v70=workspace.ImportantParts.MagicalMatterDisplay;cam.CameraSubject=v70;cam.CFrame=CFrame.new(9976.53711,18.0646267, -75.8084106, -0.999848664, -0.000028641367,0.0173975807, -1.8189894e-12,0.999998569,0.00164628203, -0.0173976049,0.00164603291, -0.999847233);wait(2);local v73=workspace.ImportantParts.FreezingMatterDisplay;cam.CameraSubject=v73;cam.CFrame=CFrame.new(9992,18.0646267, -75.8084106, -0.999848664, -0.000028641367,0.0173975807, -1.8189894e-12,0.999998569,0.00164628203, -0.0173976049,0.00164603291, -0.999847233);wait(2);local v74=workspace.ImportantParts.LavaMatterDisplay;cam.CameraSubject=v74;cam.CFrame=CFrame.new(10008.53711,18.0646267, -75.8084106, -0.999848664, -0.000028641367,0.0173975807, -1.8189894e-12,0.999998569,0.00164628203, -0.0173976049,0.00164603291, -0.999847233);wait(2);local v75=workspace.ImportantParts.ToxicMatterDisplay;cam.CameraSubject=v75;cam.CFrame=CFrame.new(10024.53711,18.0646267, -75.8084106, -0.999848664, -0.000028641367,0.0173975807, -1.8189894e-12,0.999998569,0.00164628203, -0.0173976049,0.00164603291, -0.999847233);end end end});local v6=v1:MakeTab({Name="Upgrades",Icon="rbxassetid://13429008327",PremiumOnly=false});local v7=v6:AddSection({Name="Upgrades"});v6:AddToggle({Name="Cash Upgrades",Default=false,Callback=function(v23)getgenv().AutoCaU=false;getgenv().AutoCaU=v23;while getgenv().AutoCaU==true  do print("working cash upg");wait(69420);end end});v6:AddToggle({Name="Rebirth Upgrades",Default=false,Callback=function(v25)getgenv().AutoReU=false;getgenv().AutoReU=v25;while getgenv().AutoReU==true  do print("working rebirth upg");wait(69420);end end});v6:AddToggle({Name="Materialize Upgrades",Default=false,Callback=function(v27)getgenv().AutoMaU=false;getgenv().AutoMaU=v27;while getgenv().AutoMaU==true  do print("working materialize upg");wait(69420);end end});local v8=v1:MakeTab({Name="Delays",Icon="rbxassetid://13428986552",PremiumOnly=false});local v9=v8:AddSection({Name="Delays"});v8:AddTextbox({Name="Wait on multi for:",Default="Enter here",TextDisappear=true,Callback=function(v29)MultiDelay=v29;end});v8:AddTextbox({Name="Does rebirth every (x) multi clicks:",Default="Enter here",TextDisappear=true,Callback=function(v30)RebirthAmount=tonumber(v30);end});v8:AddTextbox({Name="Does rein every (x) multi clicks:",Default="Enter here",TextDisappear=true,Callback=function(v31)ReinAmount=tonumber(v31);end});v8:AddTextbox({Name="Does Materialize every (x) rein clicks:",Default="Enter here",TextDisappear=true,Callback=function(v32)MatAmount=tonumber(v32);end});local v10=v1:MakeTab({Name="Player",Icon="rbxassetid://13428951719",PremiumOnly=false});local v11=v10:AddSection({Name="Player Stuff"});v10:AddSlider({Name="WalkSpeed",Min=16,Max=200,Default=16,Color=Color3.fromRGB(255,255,255),Increment=1,ValueName="WalkSpeed",Callback=function(v33)game.Players.LocalPlayer.Character.Humanoid.WalkSpeed=v33;end});v10:AddSlider({Name="JumpPower",Min=50,Max=500,Default=50,Color=Color3.fromRGB(255,255,255),Increment=5,ValueName="JumpPower",Callback=function(v35)game.Players.LocalPlayer.Character.Humanoid.JumpPower=v35;end});v10:AddButton({Name="Reset WP/JP",Callback=function()game.Players.LocalPlayer.Character.Humanoid.JumpPower=50;game.Players.LocalPlayer.Character.Humanoid.WalkSpeed=16;end});v10:AddButton({Name="Inf Jump",Callback=function()game:GetService("UserInputService").JumpRequest:connect(function()game:GetService("Players").LocalPlayer.Character:FindFirstChildOfClass("Humanoid"):ChangeState("Jumping");end);end});v10:AddToggle({Name="Click TP (E + Click)",Default=false,Callback=function(v39)getgenv().ClickTpEnabled=false;getgenv().ClickTpEnabled=v39;while getgenv().ClickTpEnabled do local v64=game:GetService("UserInputService");local v65=game.Players.LocalPlayer;local v66=v65:GetMouse();function GetCharacter()return game.Players.LocalPlayer.Character;end function Teleport(v67)local v68=GetCharacter();if v68 then v68:MoveTo(v67);end end v64.InputBegan:Connect(function(v69)if ((v69.UserInputType==Enum.UserInputType.MouseButton1) and v64:IsKeyDown(Enum.KeyCode.E)) then Teleport(v66.Hit.p);end end);wait(0.1);end end});v10:AddButton({Name="Inf Yield",Callback=function()loadstring(game:HttpGet("https://raw.githubusercontent.com/EdgeIY/infiniteyield/master/source"))();end});